  2.000000000000000E-005  2.000000000000000E-005   8.87467554881261     
  0.296457500000000       2.000000000000000E-005   8.71151670511702     
  0.592895000000000       2.000000000000000E-005   7.88483786989101     
  0.889332500000000       2.000000000000000E-005   6.71779276437686     
   1.18577000000000       2.000000000000000E-005   5.66679943575719     
   1.48220750000000       2.000000000000000E-005   4.82541006505167     
   1.77864500000000       2.000000000000000E-005   4.15716688309452     
   2.07508250000000       2.000000000000000E-005   3.61435212781062     
   2.37152000000000       2.000000000000000E-005   3.16625350709532     
   2.66795750000000       2.000000000000000E-005   2.81422362774277     
   2.96439500000000       2.000000000000000E-005   2.53267223166107     
   3.26083250000000       2.000000000000000E-005   2.30234993021297     
   3.55727000000000       2.000000000000000E-005   2.11043599494791     
   3.85370750000000       2.000000000000000E-005   1.94805997682815     
   4.15014500000000       2.000000000000000E-005   1.80888846761162     
   4.44658250000000       2.000000000000000E-005   1.68827832272692     
   4.74302000000000       2.000000000000000E-005   1.58274792237969     
   5.03945750000000       2.000000000000000E-005   1.48963527364981     
   5.33589500000000       2.000000000000000E-005   1.40687018899637     
   5.63233250000000       2.000000000000000E-005   1.33281846492964     
   5.92877000000000       2.000000000000000E-005   1.26617283736741     
   6.22520750000000       2.000000000000000E-005   1.20587510948426     
   6.52164500000000       2.000000000000000E-005   1.15105952716629     
   6.81808250000000       2.000000000000000E-005   1.10101093189406     
   7.11452000000000       2.000000000000000E-005   1.05513337896151     
  2.000000000000000E-005  0.296457500000000        8.71151670758406     
  0.296457500000000       0.296457500000000        8.42846784019335     
  0.592895000000000       0.296457500000000        7.59342619393070     
  0.889332500000000       0.296457500000000        6.52341109674014     
   1.18577000000000       0.296457500000000        5.54815807896150     
   1.48220750000000       0.296457500000000        4.75073855453951     
   1.77864500000000       0.296457500000000        4.10782941580718     
   2.07508250000000       0.296457500000000        3.57891342698009     
   2.37152000000000       0.296457500000000        3.14166072877827     
   2.66795750000000       0.296457500000000        2.79694589188957     
   2.96439500000000       0.296457500000000        2.52007048178849     
   3.26083250000000       0.296457500000000        2.29287712472234     
   3.55727000000000       0.296457500000000        2.10313599449484     
   3.85370750000000       0.296457500000000        1.94231586128491     
   4.15014500000000       0.296457500000000        1.80428768392850     
   4.44658250000000       0.296457500000000        1.68453650236701     
   4.74302000000000       0.296457500000000        1.57966389392610     
   5.03945750000000       0.296457500000000        1.48706347634229     
   5.33589500000000       0.296457500000000        1.40470319750548     
   5.63233250000000       0.296457500000000        1.33097560077164     
   5.92877000000000       0.296457500000000        1.26459255919421     
   6.22520750000000       0.296457500000000        1.20450981429271     
   6.52164500000000       0.296457500000000        1.14987192741893     
   6.81808250000000       0.296457500000000        1.09997148535934     
   7.11452000000000       0.296457500000000        1.05421843568054     
  2.000000000000000E-005  0.592895000000000        7.88483787429581     
  0.296457500000000       0.592895000000000        7.59342619578004     
  0.592895000000000       0.592895000000000        6.88382003793533     
  0.889332500000000       0.592895000000000        6.03542390277027     
   1.18577000000000       0.592895000000000        5.23409063030565     
   1.48220750000000       0.592895000000000        4.54520241887603     
   1.77864500000000       0.592895000000000        3.96720429113809     
   2.07508250000000       0.592895000000000        3.47837787114405     
   2.37152000000000       0.592895000000000        3.07124795228796     
   2.66795750000000       0.592895000000000        2.74698697209420     
   2.96439500000000       0.592895000000000        2.48337639555000     
   3.26083250000000       0.592895000000000        2.26515133334740     
   3.55727000000000       0.592895000000000        2.08168589442715     
   3.85370750000000       0.592895000000000        1.92538601989132     
   4.15014500000000       0.592895000000000        1.79069479728600     
   4.44658250000000       0.592895000000000        1.67345980168480     
   4.74302000000000       0.592895000000000        1.57051981466814     
   5.03945750000000       0.592895000000000        1.47942803782489     
   5.33589500000000       0.592895000000000        1.39826243686945     
   5.63233250000000       0.592895000000000        1.32549305777753     
   5.92877000000000       0.592895000000000        1.25988743090084     
   6.22520750000000       0.592895000000000        1.20044196205196     
   6.52164500000000       0.592895000000000        1.14633138783452     
   6.81808250000000       0.592895000000000        1.09687100416378     
   7.11452000000000       0.592895000000000        1.05148806923003     
  2.000000000000000E-005  0.889332500000000        6.71779276912401     
  0.296457500000000       0.889332500000000        6.52341109883648     
  0.592895000000000       0.889332500000000        6.03542390272738     
  0.889332500000000       0.889332500000000        5.42481685170711     
   1.18577000000000       0.889332500000000        4.81308990153626     
   1.48220750000000       0.889332500000000        4.25392480487129     
   1.77864500000000       0.889332500000000        3.75908787790493     
   2.07508250000000       0.889332500000000        3.32474627032599     
   2.37152000000000       0.889332500000000        2.96386538296570     
   2.66795750000000       0.889332500000000        2.66941224212404     
   2.96439500000000       0.889332500000000        2.42565057924797     
   3.26083250000000       0.889332500000000        2.22110666660555     
   3.55727000000000       0.889332500000000        2.04735484005589     
   3.85370750000000       0.889332500000000        1.89813037237328     
   4.15014500000000       0.889332500000000        1.76870874644250     
   4.44658250000000       0.889332500000000        1.65547550887327     
   4.74302000000000       0.889332500000000        1.55562699539559     
   5.03945750000000       0.889332500000000        1.46696002791246     
   5.33589500000000       0.889332500000000        1.38772228105297     
   5.63233250000000       0.889332500000000        1.31650439100691     
   5.92877000000000       0.889332500000000        1.25216111952542     
   6.22520750000000       0.889332500000000        1.19375299954181     
   6.52164500000000       0.889332500000000        1.14050260555842     
   6.81808250000000       0.889332500000000        1.09176139945290     
   7.11452000000000       0.889332500000000        1.04698431720929     
  2.000000000000000E-005   1.18577000000000        5.66679944045202     
  0.296457500000000        1.18577000000000        5.54815808090462     
  0.592895000000000        1.18577000000000        5.23409062970398     
  0.889332500000000        1.18577000000000        4.81308990047833     
   1.18577000000000        1.18577000000000        4.36083035512341     
   1.48220750000000        1.18577000000000        3.92019140595957     
   1.77864500000000        1.18577000000000        3.50888178171100     
   2.07508250000000        1.18577000000000        3.14030260392582     
   2.37152000000000        1.18577000000000        2.83100544363154     
   2.66795750000000        1.18577000000000        2.57114836058230     
   2.96439500000000        1.18577000000000        2.35123609552702     
   3.26083250000000        1.18577000000000        2.16356405332114     
   3.55727000000000        1.18577000000000        2.00203307632861     
   3.85370750000000        1.18577000000000        1.86185078886546     
   4.15014500000000        1.18577000000000        1.73924817653329     
   4.44658250000000        1.18577000000000        1.63124593835466     
   4.74302000000000        1.18577000000000        1.53547217495002     
   5.03945750000000        1.18577000000000        1.45002333570489     
   5.33589500000000        1.18577000000000        1.37335899917714     
   5.63233250000000        1.18577000000000        1.30422228592629     
   5.92877000000000        1.18577000000000        1.24157943993337     
   6.22520750000000        1.18577000000000        1.18457369418245     
   6.52164500000000        1.18577000000000        1.13248979727330     
   6.81808250000000        1.18577000000000        1.08472653207037     
   7.11452000000000        1.18577000000000        1.04077526157782     
  2.000000000000000E-005   1.48220750000000        4.82541006964672     
  0.296457500000000        1.48220750000000        4.75073855640075     
  0.592895000000000        1.48220750000000        4.54520241798214     
  0.889332500000000        1.48220750000000        4.25392480295653     
   1.18577000000000        1.48220750000000        3.92019140473961     
   1.48220750000000        1.48220750000000        3.57541244562998     
   1.77864500000000        1.48220750000000        3.24098287911283     
   2.07508250000000        1.48220750000000        2.94310970535875     
   2.37152000000000        1.48220750000000        2.68396003971699     
   2.66795750000000        1.48220750000000        2.45949362567603     
   2.96439500000000        1.48220750000000        2.26494934846434     
   3.26083250000000        1.48220750000000        2.09577490213493     
   3.55727000000000        1.48220750000000        1.94796514758819     
   3.85370750000000        1.48220750000000        1.81812984028523     
   4.15014500000000        1.48220750000000        1.70345099547541     
   4.44658250000000        1.48220750000000        1.60160413088315     
   4.74302000000000        1.48220750000000        1.51067532876116     
   5.03945750000000        1.48220750000000        1.42908635908920     
   5.33589500000000        1.48220750000000        1.35553136999394     
   5.63233250000000        1.48220750000000        1.28892503708965     
   5.92877000000000        1.48220750000000        1.22836076368310     
   6.22520750000000        1.48220750000000        1.17307722511749     
   6.52164500000000        1.48220750000000        1.12243165154169     
   6.81808250000000        1.48220750000000        1.07587847642735     
   7.11452000000000        1.48220750000000        1.03295222985397     
  2.000000000000000E-005   1.77864500000000        4.15716688735700     
  0.296457500000000        1.77864500000000        4.10782941762842     
  0.592895000000000        1.77864500000000        3.96720429039433     
  0.889332500000000        1.77864500000000        3.75908787598034     
   1.18577000000000        1.77864500000000        3.50888178020012     
   1.48220750000000        1.77864500000000        3.24098287861252     
   1.77864500000000        1.77864500000000        2.98349778893903     
   2.07508250000000        1.77864500000000        2.74617425570671     
   2.37152000000000        1.77864500000000        2.53204293033724     
   2.66795750000000        1.77864500000000        2.34099396798032     
   2.96439500000000        1.77864500000000        2.17138826861620     
   3.26083250000000        1.77864500000000        2.02099462765180     
   3.55727000000000        1.77864500000000        1.88748351821513     
   3.85370750000000        1.77864500000000        1.76866142610305     
   4.15014500000000        1.77864500000000        1.66256457678288     
   4.44658250000000        1.77864500000000        1.56748127992194     
   4.74302000000000        1.77864500000000        1.48194078905314     
   5.03945750000000        1.77864500000000        1.40468849063142     
   5.33589500000000        1.77864500000000        1.33465731477904     
   5.63233250000000        1.77864500000000        1.27093999868564     
   5.92877000000000        1.77864500000000        1.21276412578640     
   6.22520750000000        1.77864500000000        1.15947051925628     
   6.52164500000000        1.77864500000000        1.11049493699713     
   6.81808250000000        1.77864500000000        1.06535274910583     
   7.11452000000000        1.77864500000000        1.02362619401506     
  2.000000000000000E-005   2.07508250000000        3.61435213118441     
  0.296457500000000        2.07508250000000        3.57891342858426     
  0.592895000000000        2.07508250000000        3.47837787094769     
  0.889332500000000        2.07508250000000        3.32474626939188     
   1.18577000000000        2.07508250000000        3.14030260313408     
   1.48220750000000        2.07508250000000        2.94310970494681     
   1.77864500000000        2.07508250000000        2.74617425557500     
   2.07508250000000        2.07508250000000        2.55767850271554     
   2.37152000000000        2.07508250000000        2.38198740015859     
   2.66795750000000        2.07508250000000        2.22086542757293     
   2.96439500000000        2.07508250000000        2.07449071782214     
   3.26083250000000        2.07508250000000        1.94216987545047     
   3.55727000000000        2.07508250000000        1.82279316022579     
   3.85370750000000        2.07508250000000        1.71510348982926     
   4.15014500000000        2.07508250000000        1.61784478018574     
   4.44658250000000        2.07508250000000        1.52983695885990     
   4.74302000000000        2.07508250000000        1.45000853571115     
   5.03945750000000        2.07508250000000        1.37740572161805     
   5.33589500000000        2.07508250000000        1.31118931926785     
   5.63233250000000        2.07508250000000        1.25062581346416     
   5.92877000000000        2.07508250000000        1.19507622655915     
   6.22520750000000        2.07508250000000        1.14398463805211     
   6.52164500000000        2.07508250000000        1.09686731672322     
   6.81808250000000        2.07508250000000        1.05330288331139     
   7.11452000000000        2.07508250000000        1.01292363449045     
  2.000000000000000E-005   2.37152000000000        3.16625350897421     
  0.296457500000000        2.37152000000000        3.14166072987498     
  0.592895000000000        2.37152000000000        3.07124795255465     
  0.889332500000000        2.37152000000000        2.96386538275234     
   1.18577000000000        2.37152000000000        2.83100544331324     
   1.48220750000000        2.37152000000000        2.68396003948532     
   1.77864500000000        2.37152000000000        2.53204293022228     
   2.07508250000000        2.37152000000000        2.38198740012263     
   2.37152000000000        2.37152000000000        2.23812097617442     
   2.66795750000000        2.37152000000000        2.10287627531075     
   2.96439500000000        2.37152000000000        1.97734824672902     
   3.26083250000000        2.37152000000000        1.86176396532482     
   3.55727000000000        2.37152000000000        1.75583019340887     
   3.85370750000000        2.37152000000000        1.65897023381811     
   4.15014500000000        2.37152000000000        1.57047594561644     
   4.44658250000000        2.37152000000000        1.48960038008805     
   4.74302000000000        2.37152000000000        1.41561117435627     
   5.03945750000000        2.37152000000000        1.34781906062223     
   5.33589500000000        2.37152000000000        1.28559113399869     
   5.63233250000000        2.37152000000000        1.22835510991661     
   5.92877000000000        2.37152000000000        1.17559848664182     
   6.22520750000000        2.37152000000000        1.12686501680546     
   6.52164500000000        2.37152000000000        1.08174992979468     
   6.81808250000000        2.37152000000000        1.03989474579867     
   7.11452000000000        2.37152000000000        1.00098215257626     
  2.000000000000000E-005   2.66795750000000        2.81422362882025     
  0.296457500000000        2.66795750000000        2.79694589262176     
  0.592895000000000        2.66795750000000        2.74698697242905     
  0.889332500000000        2.66795750000000        2.66941224217271     
   1.18577000000000        2.66795750000000        2.57114836050317     
   1.48220750000000        2.66795750000000        2.45949362558162     
   1.77864500000000        2.66795750000000        2.34099396791670     
   2.07508250000000        2.66795750000000        2.22086542754351     
   2.37152000000000        2.66795750000000        2.10287627530248     
   2.66795750000000        2.66795750000000        1.98950469518140     
   2.96439500000000        2.66795750000000        1.88220825418870     
   3.26083250000000        2.66795750000000        1.78170159416450     
   3.55727000000000        2.66795750000000        1.68819331308831     
   3.85370750000000        2.66795750000000        1.60156799229297     
   4.15014500000000        2.66795750000000        1.52151686672405     
   4.44658250000000        2.66795750000000        1.44762705827827     
   4.74302000000000        2.66795750000000        1.37944002604982     
   5.03945750000000        2.66795750000000        1.31648832213966     
   5.33589500000000        2.66795750000000        1.25831761725794     
   5.63233250000000        2.66795750000000        1.20449901410908     
   5.92877000000000        2.66795750000000        1.15463512482097     
   6.22520750000000        2.66795750000000        1.10836225567746     
   6.52164500000000        2.66795750000000        1.06535024604852     
   6.81808250000000        2.66795750000000        1.02530096450026     
   7.11452000000000        2.66795750000000       0.987946100865496     
  2.000000000000000E-005   2.96439500000000        2.53267223233000     
  0.296457500000000        2.96439500000000        2.52007048229105     
  0.592895000000000        2.96439500000000        2.48337639584962     
  0.889332500000000        2.96439500000000        2.42565057937890     
   1.18577000000000        2.96439500000000        2.35123609555639     
   1.48220750000000        2.96439500000000        2.26494934845227     
   1.77864500000000        2.96439500000000        2.17138826859812     
   2.07508250000000        2.96439500000000        2.07449071781099     
   2.37152000000000        2.96439500000000        1.97734824672540     
   2.66795750000000        2.96439500000000        1.88220825418876     
   2.96439500000000        2.96439500000000        1.79058234280845     
   3.26083250000000        2.96439500000000        1.70339510229413     
   3.55727000000000        2.96439500000000        1.62113242274327     
   3.85370750000000        2.96439500000000        1.54396943302746     
   4.15014500000000        2.96439500000000        1.47187183140925     
   4.44658250000000        2.96439500000000        1.40467165924781     
   4.74302000000000        2.96439500000000        1.34212160000627     
   5.03945750000000        2.96439500000000        1.28393255443945     
   5.33589500000000        2.96439500000000        1.22979881548940     
   5.63233250000000        2.96439500000000        1.17941436100060     
   5.92877000000000        2.96439500000000        1.13248295025775     
   6.22520750000000        2.96439500000000        1.08872399348228     
   6.52164500000000        2.96439500000000        1.04787559820890     
   6.81808250000000        2.96439500000000        1.00969577319290     
   7.11452000000000        2.96439500000000       0.973962463761006     
  2.000000000000000E-005   3.26083250000000        2.30234993065424     
  0.296457500000000        3.26083250000000        2.29287712507791     
  0.592895000000000        3.26083250000000        2.26515133359309     
  0.889332500000000        3.26083250000000        2.22110666675040     
   1.18577000000000        3.26083250000000        2.16356405339365     
   1.48220750000000        3.26083250000000        2.09577490216584     
   1.77864500000000        3.26083250000000        2.02099462766400     
   2.07508250000000        3.26083250000000        1.94216987545658     
   2.37152000000000        3.26083250000000        1.86176396532954     
   2.66795750000000        3.26083250000000        1.78170159416840     
   2.96439500000000        3.26083250000000        1.70339510229650     
   3.26083250000000        3.26083250000000        1.62781473725251     
   3.55727000000000        3.26083250000000        1.55557452696710     
   3.85370750000000        3.26083250000000        1.48701617958177     
   4.15014500000000        3.26083250000000        1.42228220272740     
   4.44658250000000        3.26083250000000        1.36137525311041     
   4.74302000000000        3.26083250000000        1.30420399409973     
   5.03945750000000        3.26083250000000        1.25061724251122     
   5.33589500000000        3.26083250000000        1.20042864191755     
   5.63233250000000        3.26083250000000        1.15343401729910     
   5.92877000000000        3.26083250000000        1.10942325672152     
   6.22520750000000        3.26083250000000        1.06818819966116     
   6.52164500000000        3.26083250000000        1.02952766925986     
   6.81808250000000        3.26083250000000       0.993250497870084     
   7.11452000000000        3.26083250000000       0.959177167146352     
  2.000000000000000E-005   3.55727000000000        2.11043599525370     
  0.296457500000000        3.55727000000000        2.10313599475349     
  0.592895000000000        3.55727000000000        2.08168589462357     
  0.889332500000000        3.55727000000000        2.04735484019046     
   1.18577000000000        3.55727000000000        2.00203307641336     
   1.48220750000000        3.55727000000000        1.94796514763847     
   1.77864500000000        3.55727000000000        1.88748351824486     
   2.07508250000000        3.55727000000000        1.82279316024434     
   2.37152000000000        3.55727000000000        1.75583019342134     
   2.66795750000000        3.55727000000000        1.68819331309682     
   2.96439500000000        3.55727000000000        1.62113242274872     
   3.26083250000000        3.55727000000000        1.55557452696974     
   3.55727000000000        3.55727000000000        1.49216902469790     
   3.85370750000000        3.55727000000000        1.43133932361607     
   4.15014500000000        3.55727000000000        1.37333264716052     
   4.44658250000000        3.55727000000000        1.31826384466460     
   4.74302000000000        3.55727000000000        1.26615167629922     
   5.03945750000000        3.55727000000000        1.21694760820785     
   5.33589500000000        3.55727000000000        1.17055793351354     
   5.63233250000000        3.55727000000000        1.12686032356786     
   5.92877000000000        3.55727000000000        1.08571592862285     
   6.22520750000000        3.55727000000000        1.04697803033127     
   6.52164500000000        3.55727000000000        1.01049808409533     
   6.81808250000000        3.55727000000000       0.976129821919972     
   7.11452000000000        3.55727000000000       0.943731936731649     
  2.000000000000000E-005   3.85370750000000        1.94805997704821     
  0.296457500000000        3.85370750000000        1.94231586147806     
  0.592895000000000        3.85370750000000        1.92538602004744     
  0.889332500000000        3.85370750000000        1.89813037249058     
   1.18577000000000        3.85370750000000        1.86185078894857     
   1.48220750000000        3.85370750000000        1.81812984034184     
   1.77864500000000        3.85370750000000        1.76866142614113     
   2.07508250000000        3.85370750000000        1.71510348985514     
   2.37152000000000        3.85370750000000        1.65897023383611     
   2.66795750000000        3.85370750000000        1.60156799230559     
   2.96439500000000        3.85370750000000        1.54396943303604     
   3.26083250000000        3.85370750000000        1.48701617958698     
   3.55727000000000        3.85370750000000        1.43133932361847     
   3.85370750000000        3.85370750000000        1.37738895832180     
   4.15014500000000        3.85370750000000        1.32546634661701     
   4.44658250000000        3.85370750000000        1.27575472467737     
   4.74302000000000        3.85370750000000        1.22834662189185     
   5.03945750000000        3.85370750000000        1.18326687277067     
   5.33589500000000        3.85370750000000        1.14049128752382     
   5.63233250000000        3.85370750000000        1.09996136986961     
   5.92877000000000        3.85370750000000        1.06159564987905     
   6.22520750000000        3.85370750000000        1.02529823480047     
   6.52164500000000        3.85370750000000       0.990965139717257     
   6.81808250000000        3.85370750000000       0.958488885282265     
   7.11452000000000        3.85370750000000       0.927761766354075     
  2.000000000000000E-005   4.15014500000000        1.80888846777493     
  0.296457500000000        4.15014500000000        1.80428768407582     
  0.592895000000000        4.15014500000000        1.79069479741062     
  0.889332500000000        4.15014500000000        1.76870874654205     
   1.18577000000000        4.15014500000000        1.73924817660921     
   1.48220750000000        4.15014500000000        1.70345099553153     
   1.77864500000000        4.15014500000000        1.66256457682362     
   2.07508250000000        4.15014500000000        1.61784478021531     
   2.37152000000000        4.15014500000000        1.57047594563788     
   2.66795750000000        4.15014500000000        1.52151686673961     
   2.96439500000000        4.15014500000000        1.47187183142028     
   3.26083250000000        4.15014500000000        1.42228220273484     
   3.55727000000000        4.15014500000000        1.37333264716497     
   3.85370750000000        4.15014500000000        1.32546634661909     
   4.15014500000000        4.15014500000000        1.27900459780222     
   4.44658250000000        4.15014500000000        1.23416751598229     
   4.74302000000000        4.15014500000000        1.19109376666918     
   5.03945750000000        4.15014500000000        1.14985819592590     
   5.33589500000000        4.15014500000000        1.11048689379174     
   5.63233250000000        4.15014500000000        1.07296964525057     
   5.92877000000000        4.15014500000000        1.03726995975375     
   6.22520750000000        4.15014500000000        1.00333298175274     
   6.52164500000000        4.15014500000000       0.971091617812419     
   6.81808250000000        4.15014500000000       0.940471204370627     
   7.11452000000000        4.15014500000000       0.911393006455755     
  2.000000000000000E-005   4.44658250000000        1.68827832285133     
  0.296457500000000        4.44658250000000        1.68453650248152     
  0.592895000000000        4.44658250000000        1.67345980178492     
  0.889332500000000        4.44658250000000        1.65547550895682     
   1.18577000000000        4.44658250000000        1.63124593842183     
   1.48220750000000        4.44658250000000        1.60160413093559     
   1.77864500000000        4.44658250000000        1.56748127996216     
   2.07508250000000        4.44658250000000        1.52983695889041     
   2.37152000000000        4.44658250000000        1.48960038011111     
   2.66795750000000        4.44658250000000        1.44762705829556     
   2.96439500000000        4.44658250000000        1.40467165926049     
   3.26083250000000        4.44658250000000        1.36137525311952     
   3.55727000000000        4.44658250000000        1.31826384467078     
   3.85370750000000        4.44658250000000        1.27575472468112     
   4.15014500000000        4.44658250000000        1.23416751598393     
   4.44658250000000        4.44658250000000        1.19373743485246     
   4.74302000000000        4.44658250000000        1.15462900145622     
   5.03945750000000        4.44658250000000        1.11694906979404     
   5.33589500000000        4.44658250000000        1.08075854744642     
   5.63233250000000        4.44658250000000        1.04608253181395     
   5.92877000000000        4.44658250000000        1.01291882187207     
   6.22520750000000        4.44658250000000       0.981244901599427     
   6.52164500000000        4.44658250000000       0.951023561238610     
   6.81808250000000        4.44658250000000       0.922207348647110     
   7.11452000000000        4.44658250000000       0.894742042574461     
  2.000000000000000E-005   4.74302000000000        1.58274792247648     
  0.296457500000000        4.74302000000000        1.57966389401669     
  0.592895000000000        4.74302000000000        1.57051981474927     
  0.889332500000000        4.74302000000000        1.55562699546553     
   1.18577000000000        4.74302000000000        1.53547217500841     
   1.48220750000000        4.74302000000000        1.51067532880867     
   1.77864500000000        4.74302000000000        1.48194078909103     
   2.07508250000000        4.74302000000000        1.45000853574102     
   2.37152000000000        4.74302000000000        1.41561117437953     
   2.66795750000000        4.74302000000000        1.37944002606786     
   2.96439500000000        4.74302000000000        1.34212160001996     
   3.26083250000000        4.74302000000000        1.30420399410994     
   3.55727000000000        4.74302000000000        1.26615167630649     
   3.85370750000000        4.74302000000000        1.22834662189679     
   4.15014500000000        4.74302000000000        1.19109376667221     
   4.44658250000000        4.74302000000000        1.15462900145752     
   4.74302000000000        4.74302000000000        1.11912832009723     
   5.03945750000000        4.74302000000000        1.08471713164230     
   5.33589500000000        4.74302000000000        1.05147909663868     
   5.63233250000000        4.74302000000000        1.01946412237983     
   5.92877000000000        4.74302000000000       0.988695351081765     
   6.22520750000000        4.74302000000000       0.959175108280429     
   6.52164500000000        4.74302000000000       0.930889860637828     
   6.81808250000000        4.74302000000000       0.903814276923901     
   7.11452000000000        4.74302000000000       0.877914505218204     
  2.000000000000000E-005   5.03945750000000        1.48963527372645     
  0.296457500000000        5.03945750000000        1.48706347641493     
  0.592895000000000        5.03945750000000        1.47942803789129     
  0.889332500000000        5.03945750000000        1.46696002797116     
   1.18577000000000        5.03945750000000        1.45002333575533     
   1.48220750000000        5.03945750000000        1.42908635913152     
   1.77864500000000        5.03945750000000        1.40468849066629     
   2.07508250000000        5.03945750000000        1.37740572164632     
   2.37152000000000        5.03945750000000        1.34781906064498     
   2.66795750000000        5.03945750000000        1.31648832215766     
   2.96439500000000        5.03945750000000        1.28393255445356     
   3.26083250000000        5.03945750000000        1.25061724252212     
   3.55727000000000        5.03945750000000        1.21694760821603     
   3.85370750000000        5.03945750000000        1.18326687277656     
   4.15014500000000        5.03945750000000        1.14985819592984     
   4.44658250000000        5.03945750000000        1.11694906979644     
   4.74302000000000        5.03945750000000        1.08471713164339     
   5.03945750000000        5.03945750000000        1.05329659204208     
   5.33589500000000        5.03945750000000        1.02278470414167     
   5.63233250000000        5.03945750000000       0.993247898078285     
   5.92877000000000        5.03945750000000       0.964727361363075     
   6.22520750000000        5.03945750000000       0.937243961329791     
   6.52164500000000        5.03945750000000       0.910802484745244     
   6.81808250000000        5.03945750000000       0.885395219917668     
   7.11452000000000        5.03945750000000       0.861004935470450     
  2.000000000000000E-005   5.33589500000000        1.40687018905792     
  0.296457500000000        5.33589500000000        1.40470319756443     
  0.592895000000000        5.33589500000000        1.39826243692417     
  0.889332500000000        5.33589500000000        1.38772228110236     
   1.18577000000000        5.33589500000000        1.37335899922050     
   1.48220750000000        5.33589500000000        1.35553137003122     
   1.77864500000000        5.33589500000000        1.33465731481064     
   2.07508250000000        5.33589500000000        1.31118931929420     
   2.37152000000000        5.33589500000000        1.28559113402030     
   2.66795750000000        5.33589500000000        1.25831761727551     
   2.96439500000000        5.33589500000000        1.22979881550348     
   3.26083250000000        5.33589500000000        1.20042864192871     
   3.55727000000000        5.33589500000000        1.17055793352216     
   3.85370750000000        5.33589500000000        1.14049128753033     
   4.15014500000000        5.33589500000000        1.11048689379639     
   4.44658250000000        5.33589500000000        1.08075854744957     
   4.74302000000000        5.33589500000000        1.05147909664053     
   5.03945750000000        5.33589500000000        1.02278470414253     
   5.33589500000000        5.33589500000000       0.994779443271490     
   5.63233250000000        5.33589500000000       0.967539883910271     
   5.92877000000000        5.33589500000000       0.941119440657613     
   6.22520750000000        5.33589500000000       0.915552347504908     
   6.52164500000000        5.33589500000000       0.890857192258385     
   6.81808250000000        5.33589500000000       0.867039992126444     
   7.11452000000000        5.33589500000000       0.844096823457566     
  2.000000000000000E-005   5.63233250000000        1.33281846497972     
  0.296457500000000        5.63233250000000        1.33097560082007     
  0.592895000000000        5.63233250000000        1.32549305782298     
  0.889332500000000        5.63233250000000        1.31650439104855     
   1.18577000000000        5.63233250000000        1.30422228596355     
   1.48220750000000        5.63233250000000        1.28892503712240     
   1.77864500000000        5.63233250000000        1.27093999871383     
   2.07508250000000        5.63233250000000        1.25062581348819     
   2.37152000000000        5.63233250000000        1.22835510993678     
   2.66795750000000        5.63233250000000        1.20449901412588     
   2.96439500000000        5.63233250000000        1.17941436101433     
   3.26083250000000        5.63233250000000        1.15343401731014     
   3.55727000000000        5.63233250000000        1.12686032357665     
   3.85370750000000        5.63233250000000        1.09996136987650     
   4.15014500000000        5.63233250000000        1.07296964525569     
   4.44658250000000        5.63233250000000        1.04608253181770     
   4.74302000000000        5.63233250000000        1.01946412238236     
   5.03945750000000        5.63233250000000       0.993247898079796     
   5.33589500000000        5.63233250000000       0.967539883910980     
   5.63233250000000        5.63233250000000       0.942421987991335     
   5.92877000000000        5.63233250000000       0.917955312169780     
   6.22520750000000        5.63233250000000       0.894183291812483     
   6.52164500000000        5.63233250000000       0.871134578556398     
   6.81808250000000        5.63233250000000       0.848825622094962     
   7.11452000000000        5.63233250000000       0.827262937223437     
  2.000000000000000E-005   5.92877000000000        1.26617283740874     
  0.296457500000000        5.92877000000000        1.26459255923440     
  0.592895000000000        5.92877000000000        1.25988743093897     
  0.889332500000000        5.92877000000000        1.25216111956073     
   1.18577000000000        5.92877000000000        1.24157943996548     
   1.48220750000000        5.92877000000000        1.22836076371175     
   1.77864500000000        5.92877000000000        1.21276412581154     
   2.07508250000000        5.92877000000000        1.19507622658096     
   2.37152000000000        5.92877000000000        1.17559848666046     
   2.66795750000000        5.92877000000000        1.15463512483667     
   2.96439500000000        5.92877000000000        1.13248295027083     
   3.26083250000000        5.92877000000000        1.10942325673228     
   3.55727000000000        5.92877000000000        1.08571592863160     
   3.85370750000000        5.92877000000000        1.06159564988614     
   4.15014500000000        5.92877000000000        1.03726995975926     
   4.44658250000000        5.92877000000000        1.01291882187622     
   4.74302000000000        5.92877000000000       0.988695351084789     
   5.03945750000000        5.92877000000000       0.964727361365148     
   5.33589500000000        5.92877000000000       0.941119440658854     
   5.63233250000000        5.92877000000000       0.917955312170358     
   5.92877000000000        5.92877000000000       0.895300296928317     
   6.22520750000000        5.92877000000000       0.873203743242984     
   6.52164500000000        5.92877000000000       0.851701332067177     
   6.81808250000000        5.92877000000000       0.830817202129554     
   7.11452000000000        5.92877000000000       0.810565865314966     
  2.000000000000000E-005   6.22520750000000        1.20587510951857     
  0.296457500000000        6.22520750000000        1.20450981432630     
  0.592895000000000        6.22520750000000        1.20044196208413     
  0.889332500000000        6.22520750000000        1.19375299957189     
   1.18577000000000        6.22520750000000        1.18457369421019     
   1.48220750000000        6.22520750000000        1.17307722514255     
   1.77864500000000        6.22520750000000        1.15947051927860     
   2.07508250000000        6.22520750000000        1.14398463807172     
   2.37152000000000        6.22520750000000        1.12686501682251     
   2.66795750000000        6.22520750000000        1.10836225569206     
   2.96439500000000        6.22520750000000        1.08872399349467     
   3.26083250000000        6.22520750000000        1.06818819967156     
   3.55727000000000        6.22520750000000        1.04697803033987     
   3.85370750000000        6.22520750000000        1.02529823480752     
   4.15014500000000        6.22520750000000        1.00333298175842     
   4.44658250000000        6.22520750000000       0.981244901603857     
   4.74302000000000        6.22520750000000       0.959175108283783     
   5.03945750000000        6.22520750000000       0.937243961332241     
   5.33589500000000        6.22520750000000       0.915552347506561     
   5.63233250000000        6.22520750000000       0.894183291813480     
   5.92877000000000        6.22520750000000       0.873203743243457     
   6.22520750000000        6.22520750000000       0.852666415937016     
   6.52164500000000        6.22520750000000       0.832611598743236     
   6.81808250000000        6.22520750000000       0.813068873603909     
   7.11452000000000        6.22520750000000       0.794058705405632     
  2.000000000000000E-005   6.52164500000000        1.15105952719506     
  0.296457500000000        6.52164500000000        1.14987192744722     
  0.592895000000000        6.52164500000000        1.14633138786181     
  0.889332500000000        6.52164500000000        1.14050260558416     
   1.18577000000000        6.52164500000000        1.13248979729723     
   1.48220750000000        6.52164500000000        1.12243165156364     
   1.77864500000000        6.52164500000000        1.11049493701693     
   2.07508250000000        6.52164500000000        1.09686731674085     
   2.37152000000000        6.52164500000000        1.08174992981019     
   2.66795750000000        6.52164500000000        1.06535024606202     
   2.96439500000000        6.52164500000000        1.04787559822051     
   3.26083250000000        6.52164500000000        1.02952766926976     
   3.55727000000000        6.52164500000000        1.01049808410366     
   3.85370750000000        6.52164500000000       0.990965139724167     
   4.15014500000000        6.52164500000000       0.971091617818075     
   4.44658250000000        6.52164500000000       0.951023561243209     
   4.74302000000000        6.52164500000000       0.930889860641394     
   5.03945750000000        6.52164500000000       0.910802484747976     
   5.33589500000000        6.52164500000000       0.890857192260370     
   5.63233250000000        6.52164500000000       0.871134578557735     
   5.92877000000000        6.52164500000000       0.851701332068012     
   6.22520750000000        6.52164500000000       0.832611598743605     
   6.52164500000000        6.52164500000000       0.813908376203477     
   6.81808250000000        6.52164500000000       0.795624879953464     
   7.11452000000000        6.52164500000000       0.777785841875772     
  2.000000000000000E-005   6.81808250000000        1.10101093191839     
  0.296457500000000        6.81808250000000        1.09997148538323     
  0.592895000000000        6.81808250000000        1.09687100418698     
  0.889332500000000        6.81808250000000        1.09176139947504     
   1.18577000000000        6.81808250000000        1.08472653209111     
   1.48220750000000        6.81808250000000        1.07587847644650     
   1.77864500000000        6.81808250000000        1.06535274912335     
   2.07508250000000        6.81808250000000        1.05330288332719     
   2.37152000000000        6.81808250000000        1.03989474581271     
   2.66795750000000        6.81808250000000        1.02530096451270     
   2.96439500000000        6.81808250000000        1.00969577320365     
   3.26083250000000        6.81808250000000       0.993250497879403     
   3.55727000000000        6.81808250000000       0.976129821927904     
   3.85370750000000        6.81808250000000       0.958488885288991     
   4.15014500000000        6.81808250000000       0.940471204376210     
   4.44658250000000        6.81808250000000       0.922207348651732     
   4.74302000000000        6.81808250000000       0.903814276927610     
   5.03945750000000        6.81808250000000       0.885395219920599     
   5.33589500000000        6.81808250000000       0.867039992128658     
   5.63233250000000        6.81808250000000       0.848825622096602     
   5.92877000000000        6.81808250000000       0.830817202130686     
   6.22520750000000        6.81808250000000       0.813068873604565     
   6.52164500000000        6.81808250000000       0.795624879953753     
   6.81808250000000        6.81808250000000       0.778520634769935     
   7.11452000000000        6.81808250000000       0.761783766153449     
  2.000000000000000E-005   7.11452000000000        1.05513337898215     
  0.296457500000000        7.11452000000000        1.05421843570102     
  0.592895000000000        7.11452000000000        1.05148806925001     
  0.889332500000000        7.11452000000000        1.04698431722838     
   1.18577000000000        7.11452000000000        1.04077526159589     
   1.48220750000000        7.11452000000000        1.03295222987086     
   1.77864500000000        7.11452000000000        1.02362619403053     
   2.07508250000000        7.11452000000000        1.01292363450459     
   2.37152000000000        7.11452000000000        1.00098215258897     
   2.66795750000000        7.11452000000000       0.987946100876818     
   2.96439500000000        7.11452000000000       0.973962463770998     
   3.26083250000000        7.11452000000000       0.959177167155084     
   3.55727000000000        7.11452000000000       0.943731936739157     
   3.85370750000000        7.11452000000000       0.927761766360489     
   4.15014500000000        7.11452000000000       0.911393006461211     
   4.44658250000000        7.11452000000000       0.894742042579000     
   4.74302000000000        7.11452000000000       0.877914505221919     
   5.03945750000000        7.11452000000000       0.861004935473503     
   5.33589500000000        7.11452000000000       0.844096823459976     
   5.63233250000000        7.11452000000000       0.827262937225253     
   5.92877000000000        7.11452000000000       0.810565865316307     
   6.22520750000000        7.11452000000000       0.794058705406547     
   6.52164500000000        7.11452000000000       0.777785841876322     
   6.81808250000000        7.11452000000000       0.761783766153688     
   7.11452000000000        7.11452000000000       0.746081903932559     
